-0.0688522291558401 -1.5587549937104987 -1.2502746314687696 3.5108738447591312 -1.582761067409646 1.0625195371456877 0.5666368013232722 -11.446204766056981 -1.784045882029633 2.9212724978819726 -0.668462569786547 -1.2084752131736856 2.637623475771649 2.561254486295344 -1.964537260018917 
-2.8328425158617203 1.7023892500471802 -1.8016593578616709 -0.13514549858224217 2.1090859177443857 -0.3194094716559826 -0.8479737256227925 1.2418976776880641 -2.377253615815367 -1.2507108700647558 3.0220382379177906 -1.0638347715604088 -0.8717817032915521 -0.595816745258368 -2.161270832075609 
1.037392949422353 -2.6581386772018196 -0.26763931269853714 -5.164468559793549 -2.675288803778636 1.5803106539170715 0.6182597811135158 0.09113121002124701 -0.9543213419589638 4.55470905107405 -1.0017233586042193 -8.152187736613445 2.5795080553393075 -1.0880049242085506 0.4205644677286463 
-0.6418664092992471 -2.7655266251510424 -3.2783503846734883 -10.652761277530502 -1.9200996340963565 1.2999030427247629 4.625399871874753 0.3837498672501511 -1.0171123737635053 -7.362081451329547 -3.566548131905118 3.5486999491022333 5.203276699413529 0.8420141131076175 -3.3435763345202316 
-1.283852530614053 -6.72062024734225 1.6291128584613757 3.4996267878845706 -2.6351736706691615 0.9752505847742046 0.33074910847362754 2.941531689628177 0.48079430866374445 -2.155399532080156 -0.0922194850514718 -1.2086248944510807 -2.6363651899879095 -4.332573950370087 -1.0149837369120078 
0.1439400791705007 -1.7803558471118033 0.8126809675664521 1.67563024806373 -3.311513569268067 -10.713477904286854 -0.2675006325222428 -0.6104608518497672 -0.886213283627314 -10.330854123503396 -3.569341623511067 2.6297219261243634 1.5015573952000076 2.049293093551986 -0.4472968843433586 
-1.511209914391694 -1.8336368086715418 -0.20164343791853642 1.4539735886889582 -2.2851825032993887 -10.793491167454324 -0.9735291401034224 1.0179048000950097 -1.1794476730898238 10.297849682476288 -2.4506175270332804 0.457935865458298 -0.45749740519970356 -2.098242802892983 -0.13932179324889932 
1.547535634522448 1.6099162029963998 -0.28907544815503444 -3.5083738398173323 -2.4560467681491507 0.9303757549505879 -3.656982023312126 -5.1388508778735495 0.8156573756402241 -2.037210131659658 0.18764337649482984 1.8772272321267054 -2.9942657796907715 -2.6023954314501228 0.016469638937473764 
-6.266488935482312 -2.0695606426922293 -5.393468706302252 5.226678663741279 -5.279225095224579 8.60314758861988 -6.812270226658498 8.313383042351482 -5.7876695785143 9.64985148614983 -4.403732094985879 3.7294778669696824 4.099156251524182 -2.621045108710012 -7.021658332585351 
-5.0674370735908 1.0321364136312041 -3.8802233757074545 9.150369800521588 -5.998674859130018 9.138001923539472 -2.1792693052698207 -1.2456173168360913 -2.7951034299617636 -10.967284073933392 -3.2504886121354897 -4.603031270919585 5.341194111554393 3.0954656548737582 -3.996642248929687 
